5 4
1.2
4.314 16.996 0.843 5.880
2.432 8.206 4.807 7.961
8.242 4.671 18.801 11.104
2.703 5.847 3.388 5.791
1.414 5.318 2.100 2.853
0.159 4.470 6.530 7.127
19.497 6.622 7.621 9.316
3.434 0.935 13.577 17.950
6.230 9.712 4.668 11.926
7.572 8.251 3.097 22.151
2.921 3.009 0.040 4.520
4.465 3.432 4.697 7.861
25.514 8.787 3.769 9.632
2.510 12.430 8.600 1.893
0.653 5.865 9.139 15.331
0.344 2.876 1.072 1.827
10.383 3.383 5.187 4.506
1.442 5.196 30.057 0.351
6.080 11.235 7.573 4.143
7.036 2.449 5.754 16.755
5.707 14.314 16.149 19.659
5.644 6.067 0.986 0.608
12.014 1.517 18.081 19.115
1.914 26.213 30.469 6.066
0.370 1.306 13.221 6.649
12.014 7.943 3.081 0.644
2.169 2.884 4.078 13.343
25.608 12.042 8.738 11.762
9.161 22.537 9.242 11.292
5.411 10.963 14.297 11.905
12.670 3.614 6.892 0.515
3.374 3.995 5.555 11.213
0.326 5.561 18.170 17.852
0.941 2.825 4.851 0.239
3.405 3.359 2.742 8.253
0.655 4.412 12.357 9.865
33.785 19.997 6.107 4.222
17.160 3.165 12.819 7.379
13.113 1.811 3.786 3.313
5.989 2.155 9.534 26.500
9.871 5.430 12.735 2.904
1.585 0.487 4.346 3.086
4.841 3.387 5.985 12.423
13.062 9.096 16.267 9.945
14.804 2.533 5.621 7.123
4.676 1.064 6.856 4.423
9.211 6.259 4.585 0.664
10.429 0.763 3.420 12.304
8.343 3.858 12.040 5.248
6.405 4.009 6.894 4.430
0.383 7.246 8.650 2.023
6.940 18.759 1.697 6.425
3.775 17.136 6.457 22.043
6.243 1.507 5.756 19.102
4.624 13.247 11.658 1.655
4.396 0.266 0.640 3.255
6.426 13.650 6.870 30.951
4.434 7.897 5.664 17.181
7.428 4.288 13.138 11.481
2.445 6.648 16.480 3.172
7.839 14.836 17.639 6.256
14.885 20.435 4.821 6.493
9.293 10.109 22.850 12.117
4.957 3.226 6.213 4.937
2.420 7.022 1.980 3.908
6.013 15.714 20.327 1.983
10.150 2.698 2.613 10.339
5.891 0.996 12.107 14.412
0.611 24.725 6.085 18.046
0.477 9.992 0.734 4.491
6.145 23.959 11.975 15.741
2.997 6.744 3.612 6.481
3.517 12.269 5.311 3.862
14.682 9.805 6.685 15.241
2.173 3.580 15.934 13.685
8.455 6.684 8.186 15.979
9.536 4.263 5.533 0.623
29.644 1.466 2.454 7.183
18.446 4.502 0.817 3.693
7.223 0.728 11.415 12.241
6.696 7.588 0.544 5.592
14.468 16.645 5.987 0.886
1.237 15.742 8.829 0.850
0.065 16.855 1.474 5.853
19.421 7.530 9.935 9.200
11.652 1.312 16.931 15.153
2.386 2.833 3.829 10.209
7.572 14.632 20.172 17.176
5.472 4.310 14.761 5.900
15.800 3.914 16.347 6.440
1.298 2.377 7.572 6.050
7.484 2.360 6.243 7.668
13.149 4.645 3.405 10.025
4.042 1.311 3.021 0.668
9.516 1.116 23.377 18.343
3.980 6.488 1.093 8.836
1.466 8.836 8.916 9.850
6.021 4.182 21.818 5.425
6.559 17.499 4.098 15.216
20.430 2.506 0.911 11.696
11.073 1.993 5.212 1.786
6.512 8.881 20.655 18.377
10.145 4.739 3.641 11.168
19.148 8.892 0.963 9.753
2.765 9.089 3.643 9.866
8.735 8.139 18.073 8.587
3.947 5.374 4.225 1.809
9.618 7.488 4.858 16.666
6.727 6.507 4.156 0.009
4.944 3.332 2.800 13.874
2.611 0.469 17.716 4.512
9.704 5.835 3.802 10.162
3.668 3.607 21.893 1.415
19.046 6.086 1.332 19.402
4.139 0.182 10.964 8.479
6.650 23.905 18.265 7.644
3.630 6.590 9.681 4.775
13.408 8.943 4.174 17.190
4.031 14.213 1.993 2.906
3.490 0.473 13.972 4.510
9.743 10.940 2.141 3.292
1.936 2.697 3.222 14.258
13.396 4.921 7.340 1.243
8.215 3.566 3.731 5.815
2.626 0.641 5.324 10.776
5.049 11.682 8.509 6.778
6.595 2.767 0.151 7.195
4.856 2.638 8.558 4.480
9.298 4.416 9.423 1.543
32.134 10.164 7.083 4.285
0.636 10.533 4.354 1.041
16.632 6.728 2.539 6.080
7.999 3.733 3.252 11.887
8.905 1.379 7.021 6.874
24.749 5.521 8.794 9.940
0.501 13.996 10.783 1.075
8.375 4.624 15.816 11.498
2.789 4.423 4.536 8.201
11.018 1.307 2.356 16.396
3.914 17.448 2.088 1.912
8.485 17.774 11.618 14.419
12.203 5.859 11.267 6.016
4.779 2.077 12.721 0.346
2.452 4.734 9.735 10.088
14.148 11.687 2.604 1.402
5.457 1.884 5.512 0.264
15.995 2.720 15.995 5.041
0.957 2.960 8.415 4.407
8.127 4.072 4.658 11.528
8.860 15.371 7.890 3.508
7.269 2.921 9.598 3.430
2.528 6.259 9.942 10.908
17.059 1.627 5.295 1.135
0.667 14.592 0.198 2.887
2.547 7.037 1.628 9.079
9.869 10.737 14.428 12.407
10.321 3.234 3.822 1.219
2.018 18.656 1.595 6.992
13.547 6.371 0.241 13.644
0.833 6.778 7.078 4.703
0.176 0.061 3.744 5.134
5.316 4.219 1.050 2.284
2.218 25.781 4.598 2.848
24.068 11.002 9.515 13.397
13.084 2.261 7.800 5.149
0.469 1.166 3.058 6.882
5.855 0.549 8.681 7.929
3.618 6.568 1.728 14.381
6.345 2.504 2.884 4.851
2.941 8.987 16.015 17.440
0.520 6.253 0.738 7.384
4.653 9.551 25.700 4.257
0.954 3.600 2.516 13.088
0.153 1.794 9.293 5.662
18.899 19.005 6.771 6.125
23.121 19.083 10.964 3.413
2.833 1.060 12.202 0.731
5.426 3.849 1.173 6.452
4.898 11.959 0.014 10.348
11.588 1.639 21.183 2.940
16.602 1.967 14.397 11.972
6.071 2.251 1.635 1.403
1.032 8.646 15.076 6.331
11.597 2.377 4.913 11.205
0.941 23.319 3.393 21.064
8.236 7.941 5.910 4.223
3.302 6.761 18.532 4.258
2.072 4.227 9.168 10.740
5.614 4.095 5.451 2.449
0.075 5.377 25.649 15.461
15.223 10.590 8.649 4.302
13.657 9.559 2.697 13.535
12.809 31.932 9.860 6.380
3.629 4.395 0.482 6.472
8.405 6.971 2.688 0.680
1.321 11.463 9.405 2.490
11.071 23.667 11.343 3.097
11.938 4.711 8.468 1.361
8.761 3.732 3.243 6.069
0.547 1.132 18.609 2.939
1.445 10.992 12.271 1.952
1.861 24.911 8.929 9.870
3.127 14.109 8.501 0.434
4.225 8.494 9.028 2.090
9.162 2.246 7.906 6.938
3.708 1.481 3.371 15.150
6.765 6.045 7.210 13.054
1.643 7.680 4.745 13.661
0.566 8.439 9.500 19.603
8.504 17.923 2.514 4.437
9.665 8.525 19.175 10.038
9.373 6.689 15.995 5.461
1.947 0.353 13.402 17.677
17.037 20.439 2.571 6.774
1.369 1.308 8.480 6.271
11.505 2.531 12.979 2.957
11.330 1.285 10.405 3.705
0.283 10.658 2.387 3.156
11.269 3.656 2.772 0.505
21.653 11.850 20.383 5.881
4.450 16.708 7.469 16.663
5.304 13.374 6.535 15.402
10.327 2.940 9.276 23.919
11.777 12.322 13.257 16.294
6.301 11.482 11.714 25.289
18.547 9.902 7.769 20.804
8.068 3.827 1.208 9.123
7.346 10.511 3.211 13.810
11.372 4.023 2.652 9.150
14.915 2.129 3.655 8.519
14.359 2.564 4.885 9.623
6.422 7.982 11.198 0.282
0.892 15.097 5.230 3.458
0.363 11.398 24.011 4.589
13.356 0.476 4.279 1.998
12.939 4.490 0.637 22.934
5.967 3.747 5.363 1.704
4.277 6.292 6.047 10.236
11.593 9.341 10.936 24.701
14.394 6.909 16.331 9.734
5.767 4.422 2.260 11.994
7.926 1.935 7.407 8.519
0.492 12.948 0.152 7.063
0.108 1.552 2.382 5.168
4.124 2.538 8.785 18.916
7.125 4.221 1.563 6.823
10.454 1.815 14.799 13.931
8.059 0.573 4.407 5.305
13.433 24.098 8.052 0.843
13.978 12.725 0.752 23.462
0.864 10.220 5.065 12.652
0.703 9.937 6.015 9.836
2.197 12.939 26.638 14.865
6.380 2.140 4.784 17.098
2.998 11.077 2.464 15.415
0.744 2.918 7.273 17.730
4.861 5.050 1.124 12.126
12.668 7.621 13.926 4.980
5.802 0.827 12.296 12.541
13.186 6.195 7.961 11.395
8.531 2.508 15.078 10.148
1.671 9.058 17.105 6.747
10.617 6.690 4.881 5.809
2.781 1.191 14.865 0.308
0.076 1.517 16.297 0.115
4.339 7.029 23.733 3.200
11.029 12.027 5.631 13.113
6.660 7.384 8.325 0.953
0.580 8.902 0.828 2.941
8.443 9.536 6.359 7.131
10.121 5.902 16.217 0.005
10.891 18.045 7.481 15.463
4.669 7.050 2.480 8.268
2.626 8.308 3.150 8.866
8.232 2.748 1.972 14.482
1.911 13.467 3.631 3.578
3.798 5.276 0.247 0.963
6.042 10.057 0.354 20.279
5.410 5.553 0.575 3.738
10.790 5.803 13.592 17.457
25.644 15.147 1.390 1.054
15.546 8.234 5.761 9.300
8.715 20.659 13.248 2.570
1.094 6.343 12.967 3.569
1.177 14.414 8.129 0.233
6.353 19.486 2.087 27.158
8.748 20.286 0.769 9.728
15.107 6.376 1.655 11.540
2.455 9.492 2.180 5.474
16.960 4.610 5.918 2.412
0.703 1.614 9.207 2.695
7.751 7.268 2.751 4.338
11.304 7.625 5.222 9.907
11.186 2.027 3.364 1.276
5.264 18.204 8.765 8.845
5.362 8.781 8.631 13.534
12.772 0.180 3.197 10.606
3.588 1.402 2.910 7.722
17.967 0.228 3.621 0.357
1.190 3.342 8.806 3.970
11.332 19.105 4.233 9.751
16.407 7.288 1.223 7.362
17.395 3.046 11.578 4.634
0.985 3.705 1.434 11.531
6.309 9.071 8.962 14.127
18.222 7.091 9.234 7.779
3.665 2.320 6.817 8.276
0.035 0.634 5.533 10.326
4.791 7.888 8.502 6.886
12.145 10.463 3.884 24.991
1.838 2.590 1.350 1.526
18.080 8.897 2.851 7.251
4.037 21.415 10.635 3.448
0.645 10.813 5.613 2.794
0.946 9.076 1.000 19.965
0.648 20.196 28.235 2.440
4.591 1.526 1.700 6.875
14.676 9.217 3.509 8.177
0.300 18.861 15.357 17.616
7.414 5.954 6.129 3.286
5.656 1.504 16.050 2.286
0.332 8.977 1.565 0.442
6.097 7.730 8.104 0.440
5.282 5.010 17.738 19.361
10.607 12.125 8.121 2.637
19.658 12.614 15.673 1.224
3.599 5.536 12.899 5.576
14.754 3.014 3.330 1.706
5.721 2.996 11.518 1.803
18.811 0.264 3.271 2.216
4.347 1.475 7.495 1.348
3.109 13.678 5.207 0.751
9.076 6.505 1.002 0.873
11.825 5.436 6.867 0.023
6.773 12.141 7.826 12.277
4.671 16.452 9.066 5.164
18.156 3.598 0.072 2.573
29.162 7.151 15.105 10.421
9.152 3.324 2.588 6.619
7.474 10.366 11.465 9.048
5.570 11.251 10.112 1.147
3.554 6.883 9.669 13.236
11.311 5.956 2.662 13.970
0.618 1.403 5.230 7.349
4.418 10.881 24.716 6.544
2.073 3.758 18.067 13.277
5.525 6.211 6.517 5.204
3.948 2.560 3.638 6.087
4.082 8.480 11.557 6.051
8.220 11.052 24.294 11.112
0.539 2.858 12.386 5.080
15.441 5.796 0.460 10.468
0.150 8.024 5.632 0.451
14.404 2.826 9.083 0.806
1.821 7.257 16.680 24.695
6.074 7.563 7.091 26.891
8.813 8.637 9.884 10.312
7.431 12.671 11.289 0.833
3.180 1.304 3.336 5.363
4.378 13.196 4.450 0.400
0.966 9.903 10.735 5.602
10.753 5.816 14.556 24.463
3.864 11.573 5.348 2.444
19.820 1.030 9.097 0.373
9.255 14.421 11.350 0.412
19.329 13.426 6.636 8.120
2.135 5.277 8.343 8.213
8.929 5.367 8.260 9.770
1.437 11.899 12.363 3.189
1.814 1.597 2.932 5.946
4.531 14.899 0.940 8.101
18.096 11.949 15.555 1.432
7.560 0.428 2.386 15.817
24.360 12.147 1.883 8.088
6.431 2.838 0.010 2.306
11.828 1.668 13.623 11.120
4.142 0.750 8.597 7.488
2.436 23.185 20.257 26.552
4.512 3.104 0.343 4.982
13.232 0.941 6.084 21.175
4.504 3.380 3.940 8.684
4.690 10.953 2.610 3.306
0.480 4.575 5.285 9.562
8.006 5.105 9.924 16.439
9.807 2.964 15.543 11.564
8.609 4.706 9.913 5.606
10.915 10.353 10.479 8.215
0.669 7.211 2.747 13.162
13.958 6.505 0.190 6.503
9.605 7.038 8.365 3.749
13.611 7.022 1.001 20.185
2.619 12.835 17.177 13.146
17.906 13.707 8.811 17.824
16.189 10.666 17.182 17.007
8.357 13.359 5.811 5.393
8.639 5.737 18.103 1.680
19.608 6.904 13.037 10.727
18.473 2.532 2.274 6.740
1.469 6.584 4.758 16.342
6.211 11.202 1.691 2.101
5.288 7.044 4.883 4.611
17.058 0.935 6.256 8.032
3.347 9.108 10.943 3.077
5.189 5.020 7.414 20.545
0.963 18.532 12.480 14.962
6.131 2.620 6.330 11.129
6.872 0.404 15.598 7.359
14.680 5.272 5.341 3.026
15.595 5.016 13.908 0.498
7.110 7.532 19.486 4.762
7.878 4.006 3.223 3.896
11.566 18.698 2.815 11.662
6.814 3.756 0.228 22.335
9.770 2.429 2.384 7.719
0.605 1.162 13.225 6.135
11.057 5.906 5.098 1.892
16.392 3.532 0.491 9.642
15.467 1.525 8.332 18.012
10.253 0.618 7.021 15.174
15.256 11.692 6.408 16.425
0.093 3.808 7.545 3.308
16.200 5.280 6.850 16.915
25.241 0.717 4.099 18.703
0.975 15.956 7.600 0.197
1.959 9.635 5.340 3.365
1.577 19.943 6.435 25.297
13.429 12.771 24.614 8.479
7.580 9.074 5.920 12.072
28.669 1.336 10.622 0.101
3.334 8.383 7.402 4.334
3.037 2.283 2.249 8.693
4.531 1.427 12.200 1.729
0.664 2.695 9.952 7.554
15.710 0.592 2.016 1.044
10.892 3.832 2.367 11.557
28.561 1.473 17.312 4.013
10.400 3.796 18.902 4.325
5.489 18.433 5.033 9.032
16.974 1.231 2.414 22.481
0.448 3.892 6.525 16.713
1.539 15.044 11.451 9.943
10.376 3.960 5.056 9.940
1.485 0.998 6.803 12.985
0.168 14.937 0.571 11.324
2.019 10.269 3.462 1.816
20.073 6.727 0.406 2.487
6.943 0.817 3.644 3.661
8.983 20.944 2.516 5.266
4.057 3.603 2.897 1.393
8.543 1.642 1.633 8.614
7.435 10.576 3.200 8.579
22.825 8.832 14.130 6.253
3.726 5.138 10.679 25.289
12.106 8.231 4.091 13.140
1.635 4.227 9.118 7.367
13.152 5.813 7.844 12.582
6.120 9.069 1.956 0.249
8.894 9.238 3.308 9.415
2.251 7.134 19.283 24.562
12.582 2.802 14.001 7.843
2.933 5.142 7.087 0.366
12.301 2.589 3.854 4.155
6.124 5.399 1.889 3.640
3.271 6.633 10.064 8.157
2.939 1.926 18.258 5.567
11.994 7.302 5.955 8.248
17.673 4.464 4.506 1.978
11.490 2.875 0.357 3.671
6.504 11.270 11.357 3.067
1.060 0.975 2.968 3.468
1.757 14.676 7.168 2.164
6.662 5.616 13.293 6.447
2.054 15.196 12.762 4.684
2.696 4.002 0.063 4.075
0.194 11.994 4.288 7.041
0.171 15.258 2.595 21.122
5.810 4.171 14.778 2.118
1.977 5.813 9.087 3.437
11.548 9.527 14.098 0.225
5.716 13.238 3.825 4.933
6.698 10.912 8.664 6.865
13.865 2.801 0.616 1.518
18.276 5.925 1.258 8.029
18.464 3.062 3.577 0.376
12.323 4.842 2.557 8.570
3.325 13.787 0.050 4.058
5.247 21.656 13.091 4.499
11.826 14.359 9.335 11.111
12.040 0.488 6.125 11.684
1.831 4.493 0.848 5.267
14.374 0.609 3.945 9.092
12.727 15.295 8.817 16.846
6.820 4.246 1.511 0.230
7.285 5.452 2.326 6.775
10.632 8.955 1.422 5.492
7.723 7.820 9.109 9.623
7.060 5.716 5.086 0.052
13.219 5.556 19.258 6.064
2.764 1.660 6.366 5.797
15.985 11.641 0.705 1.431
1.068 3.083 19.042 4.285
3.494 20.724 12.642 1.092
16.166 13.311 2.343 13.233
11.016 5.003 4.623 10.800
10.474 2.858 2.477 9.970
13.521 2.287 11.963 0.243
6.771 10.895 0.672 7.326
8.883 7.622 1.874 6.473
2.859 17.264 3.437 1.913
4.681 13.962 2.595 0.015
1.040 0.798 11.737 11.379
13.006 12.996 3.753 13.006
11.571 10.149 8.999 21.827
1.308 6.136 5.986 0.540
9.716 12.211 2.380 8.482
11.712 3.846 9.626 0.994
5.251 5.571 9.540 11.308
16.539 9.983 9.642 14.300
4.683 2.043 19.071 17.870
9.671 14.491 9.587 0.874
2.559 14.433 2.762 6.814
8.667 1.511 7.411 5.397
11.946 16.143 12.708 10.525
28.762 4.949 0.105 3.999
11.190 5.843 13.989 13.222
4.548 1.105 1.507 5.696
1.447 2.993 3.514 6.189
1.840 0.535 4.721 20.124
0.540 20.700 19.546 7.994
4.868 5.091 2.243 1.956
18.062 1.162 5.885 1.415
6.754 2.668 3.356 9.090
7.936 8.353 2.942 6.482
0.298 7.145 6.467 6.307
12.113 4.397 1.664 11.835
7.393 9.370 15.558 3.425
2.314 8.479 8.607 1.021
7.553 16.542 12.928 10.191
0.156 7.610 11.186 7.906
5.702 6.005 11.717 7.883
9.340 18.085 9.313 4.614
0.053 9.536 1.166 8.815
21.166 6.982 14.542 9.350
14.582 4.518 11.872 6.570
22.287 2.772 10.092 0.750
5.058 17.055 1.773 6.197
12.446 4.245 0.151 8.314
8.055 20.457 2.858 10.581
4.103 3.433 2.569 9.604
9.746 7.228 5.362 2.250
13.292 4.692 2.659 12.325
5.543 4.880 7.701 0.156
5.071 9.314 4.641 17.234
9.707 0.830 12.554 18.430
3.116 11.692 19.843 1.713
2.299 20.304 9.073 0.731
9.050 18.287 1.874 0.559
10.657 23.034 2.949 4.098
14.088 4.422 2.795 10.383
11.524 6.747 4.244 16.196
11.124 13.394 1.859 11.317
2.179 21.102 0.328 3.911
15.900 9.527 3.460 7.540
17.833 7.772 4.157 2.437
21.275 5.726 4.215 1.964
10.758 13.785 2.095 1.961
6.030 0.007 9.111 12.915
22.316 2.655 7.287 5.174
5.471 0.108 16.093 4.994
9.256 8.085 1.976 3.204
10.633 0.937 4.547 2.442
2.194 4.493 11.502 5.766
9.485 15.689 16.406 1.476
3.722 6.567 13.033 1.027
2.329 10.063 7.382 1.011
11.975 2.091 3.765 19.994
17.248 5.421 9.245 0.042
7.968 10.468 18.967 8.411
0.143 5.946 7.131 2.868
4.619 4.148 0.065 7.977
0.470 10.093 12.553 4.498
10.398 0.638 3.643 14.371
2.145 10.866 4.251 6.400
1.318 5.383 11.561 3.434
7.319 9.467 4.173 13.867
2.379 14.275 13.702 13.994
7.578 4.928 4.476 0.081
6.511 7.728 14.708 1.574
12.371 15.189 7.101 6.389
4.034 1.642 8.863 6.944
11.748 3.503 1.189 16.165
5.489 14.409 4.702 13.399
3.513 8.779 4.224 0.590
24.015 19.164 16.112 3.979
2.594 2.571 14.206 8.541
8.985 10.367 15.067 10.016
6.360 3.729 1.767 11.783
3.466 19.492 11.404 2.763
12.875 11.897 7.796 1.593
7.990 4.746 8.587 6.661
1.460 5.599 14.355 2.183
3.234 13.613 0.437 6.885
14.018 6.059 11.777 2.203
10.471 4.812 8.039 20.010
1.108 9.056 8.003 6.228
5.259 13.502 4.704 10.638
1.832 18.293 2.432 7.955
5.135 3.415 3.011 8.215
14.411 10.380 15.411 12.747
8.952 2.108 9.159 27.801
17.544 2.126 6.514 20.248
13.353 1.988 0.905 9.705
7.074 12.108 8.779 18.206
5.259 3.057 5.769 4.524
10.069 18.050 12.630 6.145
0.122 14.741 7.945 7.578
7.299 24.725 23.490 2.846
1.124 0.364 1.087 4.882
23.489 32.922 9.512 3.825
4.220 7.430 15.172 7.170
4.128 2.395 10.257 3.548
17.229 20.270 0.707 6.583
3.923 16.330 18.250 6.863
1.443 8.211 16.390 6.387
3.398 6.318 7.371 4.333
0.512 5.611 16.659 7.816
0.197 11.731 1.576 10.749
0.063 6.784 13.570 4.173
21.113 3.427 2.382 1.505
2.320 7.646 27.062 0.586
18.766 16.182 6.626 4.181
0.884 14.924 1.532 15.206
9.257 12.673 7.258 17.240
30.896 5.394 22.322 3.228
5.094 10.791 10.315 12.129
4.061 22.605 3.338 8.946
5.906 6.386 3.061 17.808
1.426 5.987 13.496 8.182
3.178 6.633 0.263 4.218
5.529 0.337 8.768 7.858
24.807 7.556 6.673 6.810
17.149 12.313 13.656 10.691
2.888 21.345 5.416 10.928
5.285 13.449 4.759 17.810
8.288 2.868 12.950 4.196
9.420 6.588 4.426 7.075
12.696 14.151 1.892 2.456
0.622 3.296 9.905 19.233
2.228 18.105 11.225 4.316
1.296 3.549 9.896 4.487
4.348 6.432 7.021 4.847
6.376 21.076 6.700 6.458
1.441 13.407 15.644 4.374
2.169 2.631 2.420 15.274
17.249 11.237 1.068 10.409
10.391 3.515 12.023 17.824
9.964 0.642 11.200 6.322
8.332 4.856 4.869 9.739
7.041 6.273 7.932 18.897
7.393 5.205 1.761 19.067
0.036 2.694 3.668 5.727
1.938 17.177 8.578 1.784
11.207 3.827 5.243 16.190
5.931 2.684 12.812 17.977
5.567 5.801 6.534 0.774
8.856 3.939 14.545 19.807
4.133 6.490 12.815 10.582
13.454 8.707 3.485 14.576
17.329 14.015 7.733 16.297
5.991 12.426 8.433 25.076
3.174 0.910 10.165 8.299
3.989 1.706 5.275 7.085
2.074 5.077 1.052 3.892
6.763 3.159 7.508 22.309
2.751 5.978 3.323 12.824
12.620 0.693 5.827 17.001
5.854 23.979 22.391 4.673
12.665 1.025 13.059 0.471
3.061 2.211 11.204 11.960
1.126 9.898 16.538 19.099
9.637 0.896 9.609 4.197
5.241 7.876 2.906 4.496
8.561 4.295 22.776 6.816
10.973 15.724 13.136 24.476
11.352 13.549 2.585 5.071
24.107 11.115 0.037 16.884
8.229 2.510 3.390 5.507
9.370 0.224 9.018 3.575
9.781 16.219 2.507 33.477
1.353 3.201 8.582 5.205
7.605 12.686 22.594 7.329
16.741 20.985 17.441 10.561
1.413 10.374 1.338 8.048
15.321 10.109 20.487 1.494
11.185 15.305 8.506 14.004
8.077 8.431 9.866 6.475
7.101 27.409 5.563 14.280
4.430 3.618 7.220 11.596
2.291 8.486 21.268 17.431
2.471 2.808 12.052 9.109
6.832 13.951 8.271 12.628
7.081 1.704 5.982 9.200
1.323 1.130 8.001 7.424
3.101 18.558 0.095 1.175
10.652 3.028 7.090 3.067
21.068 10.652 7.164 28.060
1.198 14.526 4.650 4.751
4.265 10.493 12.989 18.200
6.463 4.275 14.464 14.543
3.860 16.001 12.959 2.011
1.469 0.774 3.786 9.026
16.609 0.793 9.502 2.874
14.701 6.297 10.236 9.388
4.304 4.612 13.343 6.394
3.460 13.336 8.924 2.762
1.661 11.546 8.178 6.863
23.989 14.466 3.849 4.001
3.442 19.005 3.009 3.900
3.534 0.206 1.137 27.122
11.469 6.532 9.985 5.261
8.542 2.116 18.810 18.243
13.310 2.084 12.149 31.991
3.140 3.171 7.330 14.441
1.359 8.663 1.287 5.841
8.991 11.540 1.658 15.200
22.620 7.965 1.379 1.783
0.723 13.285 2.875 4.226
17.333 4.586 6.009 10.981
11.732 4.367 9.343 14.918
17.888 17.789 1.371 10.133
1.035 0.424 1.946 3.463
7.869 12.020 7.869 14.900
8.399 2.429 0.365 15.391
0.199 8.961 14.049 11.776
3.944 12.445 1.202 0.667
6.231 10.371 8.879 23.345
4.594 10.621 1.108 15.859
12.057 2.395 9.506 5.135
8.348 6.872 9.594 10.036
8.454 3.982 10.882 3.338
0.048 3.037 4.430 9.107
4.736 11.335 9.736 4.031
6.641 16.800 2.227 10.937
15.821 3.739 0.763 1.816
4.339 2.311 1.644 10.959
14.965 13.431 8.676 3.510
0.976 4.452 3.399 1.194
2.876 11.809 9.886 0.647
16.269 2.884 8.313 6.827
8.054 1.308 3.741 3.982
12.803 10.928 7.727 0.377
10.919 7.054 8.843 8.067
4.823 16.818 8.124 2.681
4.831 12.246 7.951 17.087
4.743 4.728 19.391 1.381
3.225 0.432 18.478 10.933
1.531 4.776 10.999 12.540
16.311 10.907 0.873 7.041
18.459 11.979 3.135 2.782
1.621 3.173 8.170 6.732
12.521 10.206 1.673 6.329
8.526 13.656 2.470 4.819
10.115 15.216 9.307 0.970
7.893 19.059 30.130 10.375
4.454 8.216 21.356 11.645
7.164 15.929 6.495 12.139
9.209 16.118 9.787 14.799
0.992 3.576 10.972 14.413
3.388 18.434 2.479 1.429
5.744 5.937 1.728 1.569
0.377 18.428 7.912 4.229
0.635 5.282 1.788 5.151
5.033 1.190 1.522 17.087
4.539 0.051 16.294 25.292
3.403 3.644 16.814 2.774
0.754 2.402 2.917 2.017
5.783 15.190 1.581 10.617
16.338 0.018 17.553 12.319
12.247 10.566 4.044 5.832
14.714 12.579 4.332 8.636
13.060 17.061 0.330 4.857
6.551 8.471 6.719 11.105
0.217 7.812 3.737 0.035
3.648 1.130 0.521 5.383
1.128 0.776 9.027 6.507
18.683 10.826 0.630 11.830
0.215 6.960 5.924 8.519
6.969 4.758 14.691 5.953
2.692 8.456 27.113 2.665
5.663 12.644 12.300 13.878
4.162 22.891 4.159 8.748
6.530 4.378 1.126 5.117
2.612 7.421 5.595 9.061
7.413 3.514 0.180 8.582
15.689 2.336 5.837 12.639
0.950 9.265 19.549 4.934
10.837 7.968 14.162 6.719
5.113 7.957 7.495 11.318
0.284 0.489 6.162 7.754
8.232 2.470 2.161 0.678
11.823 19.441 1.044 12.569
0.950 4.632 32.565 5.234
17.402 18.430 9.463 7.929
6.011 4.230 8.811 8.447
10.176 4.131 0.087 9.551
21.593 4.048 4.623 5.766
4.666 9.283 1.144 3.433
7.826 3.952 3.718 13.260
2.831 5.321 5.319 7.297
1.435 10.628 1.099 4.103
23.427 4.339 2.527 2.682
9.991 4.868 4.103 5.147
0.132 11.623 8.089 13.612
1.881 5.213 11.365 9.583
4.462 17.899 15.115 10.314
0.419 11.249 18.460 2.745
2.390 11.312 6.176 7.956
7.233 12.745 5.521 4.404
2.405 10.911 8.723 1.357
8.877 1.910 7.521 11.860
8.605 6.513 5.909 3.005
1.372 6.577 18.502 13.836
1.048 7.665 0.859 14.103
5.318 4.033 6.628 12.594
6.856 19.373 8.117 5.627
7.988 10.087 17.196 0.215
16.166 16.215 5.507 0.352
11.301 5.017 5.633 1.905
6.438 14.759 12.179 6.312
2.234 7.823 22.903 1.690
3.100 11.735 7.304 3.653
5.173 7.868 2.150 2.866
12.672 1.575 26.272 16.939
8.623 19.445 10.261 11.771
14.751 10.660 4.473 10.031
17.726 14.803 18.344 3.890
9.142 4.100 5.309 1.545
16.060 1.220 2.584 5.637
1.366 3.609 12.287 9.103
1.670 9.430 23.205 7.687
0.271 0.476 10.751 1.258
21.129 1.098 6.690 4.098
10.723 8.147 3.585 20.215
3.655 8.129 0.082 11.458
11.944 2.920 5.409 2.119
6.067 15.069 8.780 17.471
13.200 8.704 9.762 17.832
0.951 0.306 5.901 2.681
20.209 14.876 8.695 4.879
9.366 8.321 21.412 20.796
11.245 6.545 6.536 14.730
0.018 0.493 8.006 0.720
1.040 0.760 8.438 15.240
0.140 0.931 6.452 20.378
3.307 3.866 12.080 8.081
2.591 7.871 3.927 17.107
5.028 18.023 10.038 4.035
7.089 16.533 2.436 0.409
7.585 10.278 25.791 8.045
0.993 7.701 0.379 2.464
4.252 4.971 20.790 17.630
7.936 3.540 10.414 7.576
7.979 0.925 3.952 3.265
10.904 1.552 12.012 4.101
7.203 0.787 2.860 15.418
0.052 18.366 5.569 0.503
14.848 2.313 3.509 16.169
1.545 11.207 15.801 2.951
8.842 3.403 7.958 12.258
10.259 5.660 6.268 3.433
4.462 13.214 1.043 10.292
10.759 7.995 2.428 4.309
0.116 8.430 14.005 1.164
3.144 15.775 25.010 5.092
9.587 0.392 9.184 8.835
8.907 3.658 13.087 4.847
9.211 5.012 4.434 14.661
3.682 9.894 5.567 16.822
20.611 8.270 1.402 7.531
2.979 19.117 3.780 1.472
6.989 9.399 12.796 1.009
0.937 26.664 13.559 10.492
6.639 1.107 2.058 3.647
11.104 3.052 4.268 12.253
2.667 12.392 14.260 0.060
10.022 5.007 4.508 0.366
12.255 1.811 14.723 16.239
2.599 12.792 13.028 6.717
0.296 9.828 11.202 5.172
7.179 3.089 7.821 0.811
0.286 7.254 6.253 6.092
3.665 3.839 1.792 15.196
8.695 9.786 16.614 7.020
3.837 4.025 0.919 16.186
6.393 3.213 14.148 7.030
9.991 3.168 1.804 2.625
21.030 10.243 0.799 3.667
2.362 1.288 10.741 13.942
14.641 6.686 8.159 6.827
16.075 3.729 11.459 4.344
5.490 5.816 15.883 5.495
12.679 1.775 0.129 7.760
1.487 4.168 0.819 3.422
12.247 3.230 3.309 8.333
14.058 2.870 1.849 0.056
8.495 7.828 3.134 6.127
0.581 3.549 8.100 18.592
15.065 3.835 6.112 3.878
6.608 9.775 2.689 19.594
2.657 0.197 20.445 17.388
25.513 0.450 2.033 1.324
6.777 14.806 2.442 1.575
2.442 0.719 13.833 1.214
4.835 9.500 0.124 0.270
0.685 5.125 9.483 1.978
2.583 10.960 8.218 0.224
0.543 8.047 0.307 2.739
3.674 0.530 6.457 17.363
12.790 13.155 3.609 7.365
2.206 2.636 1.446 0.635
7.334 10.419 12.243 5.413
13.571 1.722 6.572 23.973
4.782 1.022 4.213 10.697
4.877 0.166 11.037 0.881
14.679 5.180 1.405 11.049
9.564 8.165 18.954 3.492
5.065 2.807 1.982 7.110
2.206 13.339 12.414 2.378
2.439 7.743 4.115 16.878
4.988 3.977 9.681 0.201
16.807 3.532 18.780 1.160
1.780 1.158 11.534 14.171
5.044 3.718 11.373 7.613
15.532 13.433 0.230 8.408
2.213 7.664 11.799 14.026
0.102 19.058 0.344 9.003
5.098 6.228 4.363 18.690
1.838 11.125 0.481 16.509
7.891 12.479 3.711 12.148
13.925 0.266 4.367 5.966
13.226 5.514 0.309 7.214
2.220 5.035 13.998 3.789
5.809 17.073 1.241 9.742
16.056 0.813 14.725 2.784
18.521 8.661 18.772 17.620
2.914 3.874 5.459 17.226
16.776 1.901 8.328 0.511
6.925 7.131 12.587 11.692
3.238 10.773 2.688 0.132
1.513 13.479 7.647 19.534
6.213 10.756 9.703 7.110
14.354 5.262 4.768 12.165
15.526 11.529 14.522 9.538
9.910 9.235 7.467 1.909
7.813 5.024 5.371 5.322
8.463 22.337 9.425 13.946
3.548 4.561 8.312 8.146
5.995 5.448 3.306 0.357
5.308 0.075 11.286 13.572
16.906 3.909 2.455 9.288
6.718 20.691 16.351 6.790
13.996 2.149 20.749 10.393
0.711 2.954 5.003 8.694
22.266 0.019 15.558 0.638
3.510 0.180 26.117 2.015
17.416 18.049 0.358 3.733
1.780 2.181 5.546 2.935
11.314 3.374 5.460 5.800
3.834 8.557 2.297 0.977
3.369 4.784 11.241 2.074
9.582 1.615 7.201 10.406
5.674 7.880 4.957 12.675
22.642 6.075 15.278 18.166
0.749 11.122 1.241 15.491
11.754 11.963 18.004 12.778
7.134 7.197 9.238 2.960
8.011 15.171 12.031 11.268
4.533 9.781 4.432 16.181
2.226 21.501 10.497 8.209
6.236 5.954 14.334 17.033
5.242 28.220 0.237 0.225
16.196 4.053 6.189 3.263
9.761 2.606 3.887 1.668
3.409 0.500 10.611 16.282
13.919 20.553 0.114 6.065
8.595 6.041 18.810 7.188
22.558 3.454 7.417 18.838
3.811 5.035 8.360 17.658
10.634 3.873 11.568 0.749
7.802 8.639 3.139 21.818
7.384 25.044 23.987 1.363
4.702 9.615 3.918 11.649
8.053 3.151 17.152 3.236
13.054 1.462 1.510 1.646
11.225 19.528 2.011 5.835
19.154 5.656 7.108 13.649
11.646 3.360 1.599 3.382
0.541 8.712 9.802 8.014
4.422 6.169 6.651 13.217
8.476 11.660 7.032 15.710
3.245 7.390 4.356 6.188
8.053 12.430 7.119 9.928
16.783 15.280 0.505 5.657
1.510 2.228 12.507 10.095
10.827 9.592 2.894 3.253
10.440 1.093 1.405 2.966
15.142 3.109 6.344 4.755
4.785 2.604 3.908 6.804
16.697 9.869 1.469 12.734
9.157 21.570 0.599 11.593
15.410 1.445 1.201 3.084
9.177 5.192 1.291 15.220
3.916 15.713 3.597 0.096
5.184 20.844 18.184 3.523
2.822 17.420 8.960 1.034
13.508 10.674 6.656 5.947
4.589 10.409 4.006 2.107
6.501 2.393 16.437 5.801
0.777 1.675 9.456 4.195
2.998 2.040 1.436 9.084
7.282 4.575 7.675 2.399
8.145 3.857 13.143 11.348
17.158 12.564 3.261 1.968
4.366 22.021 3.131 10.697
11.103 2.172 8.810 6.883
3.480 0.550 11.222 2.035
16.996 2.722 15.212 2.505
3.874 8.903 12.568 3.469
10.984 8.709 0.965 19.440
13.797 3.787 15.504 4.118
1.142 11.911 0.112 7.362
16.132 15.571 3.808 10.232
11.775 10.014 2.894 0.908
3.734 0.910 9.658 12.832
13.470 6.945 0.466 16.587
0.730 2.945 5.891 27.465
3.947 4.173 14.028 4.146
12.767 16.198 6.659 1.531
6.358 8.853 8.057 11.261
10.950 17.560 19.213 2.770
3.628 1.677 7.195 5.971
8.493 0.325 13.329 6.228
3.666 13.001 5.888 2.546
13.501 7.552 5.317 16.369
18.663 8.224 5.403 16.719
3.204 4.039 20.383 6.676
3.970 3.675 5.332 13.221
0.521 12.228 17.837 8.765
6.021 5.990 0.237 7.374
13.264 10.624 6.981 10.957
5.635 1.067 17.633 2.341
13.609 1.355 9.565 4.255
2.989 0.213 19.043 12.226
13.793 8.321 12.704 12.882
30.572 14.563 6.127 17.472
2.269 0.917 6.449 1.552
12.932 7.098 6.045 9.383
4.629 2.236 18.648 0.156
9.645 5.129 24.687 11.753
1.132 7.251 13.775 1.116
7.819 4.199 2.132 11.924
11.857 1.418 2.200 3.011
7.405 23.126 14.357 6.117
5.795 13.325 6.483 12.736
13.006 22.103 0.898 20.138
1.540 13.417 3.542 7.783
6.289 6.434 8.774 0.646
12.410 8.998 12.094 12.443
4.210 2.112 0.441 0.398
21.721 2.132 2.091 11.096
20.711 6.510 1.771 11.337
18.849 23.772 6.848 10.985
3.695 9.992 2.913 2.862
13.590 11.378 2.057 0.170
7.228 0.481 6.554 3.440
4.848 10.237 10.346 17.748
4.613 0.811 3.848 3.422
9.132 7.858 8.779 7.551
1.518 7.378 5.183 17.029
24.268 3.857 12.628 9.987
0.675 1.214 1.136 10.222
11.455 11.917 19.946 3.987
11.632 22.255 8.846 22.576
2.761 3.216 7.399 4.981
18.107 1.857 2.693 2.664
0.403 11.849 9.783 9.388
9.596 10.224 9.050 2.403
13.433 4.223 0.501 3.297
4.704 3.157 15.362 24.237
3.809 5.292 6.737 9.555
2.619 24.312 13.499 13.648
12.754 12.197 2.821 8.343
1.162 13.521 4.363 6.094
18.573 11.493 5.929 1.477
8.137 8.484 9.690 13.583
2.125 7.276 0.729 5.848
0.458 8.043 11.425 9.073
1.951 12.749 3.707 8.605
3.117 1.641 1.298 2.564
10.602 3.355 2.133 3.486
9.966 0.592 2.041 5.290
4.110 1.878 2.213 9.777
9.301 8.389 16.311 4.073
17.677 0.468 0.347 2.045
17.566 3.511 1.994 4.703
13.707 0.770 10.201 3.620
5.153 24.855 2.041 0.853
17.728 11.972 14.435 8.525
6.943 2.489 15.454 11.573
16.234 6.982 25.538 7.140
3.336 8.539 3.019 7.628
2.655 8.697 13.439 25.579
9.773 4.571 7.800 13.230
1.869 17.583 2.451 11.376
6.816 19.120 4.840 9.540
5.873 1.721 9.290 7.059
11.866 1.119 2.836 0.885
16.456 11.567 13.615 10.135
5.262 8.440 14.430 9.102
12.044 7.190 6.283 9.518
28.587 0.708 9.209 3.620
2.349 0.999 8.278 11.436
18.178 15.977 9.631 15.535
9.325 14.997 12.632 6.685
0.874 7.024 2.670 1.495
0.589 11.654 20.920 0.922
2.126 11.471 10.538 16.341
6.284 8.347 8.847 13.404
10.197 3.750 23.518 3.239
7.407 14.667 11.367 2.976
8.920 4.510 4.133 12.955
4.811 0.565 7.057 1.031
0.504 7.061 11.369 6.137
8.324 10.475 2.597 9.401
2.515 4.151 4.044 3.286
0.499 4.139 0.749 9.336
29.260 4.167 8.116 3.827
14.706 15.098 7.585 9.127
19.542 9.618 4.443 21.903
10.575 8.303 9.048 3.039
16.604 10.411 6.725 11.880
0.621 0.910 0.483 5.886
17.869 12.484 3.386 19.468
8.754 8.365 7.627 16.806
4.254 1.536 8.883 6.825
8.685 4.576 9.199 9.114
11.770 2.443 9.326 4.742
11.700 16.347 1.106 7.894
5.920 10.912 2.225 4.317
8.227 1.277 2.273 2.365
3.593 20.840 3.928 6.619
10.214 7.469 12.053 18.802
0.233 11.396 6.546 10.130
14.870 4.926 11.828 1.172
17.991 6.187 6.293 17.602
6.231 6.621 4.943 1.247
19.609 21.073 8.703 8.013
5.855 2.015 3.206 4.603
14.426 21.154 7.813 8.677
13.400 10.518 10.880 23.192
7.817 12.087 7.971 12.117
6.670 1.524 0.203 2.683
10.129 15.130 2.470 9.015
11.857 11.939 8.947 13.864
19.539 2.637 18.173 23.144
19.552 0.768 5.280 7.155
3.393 5.957 10.879 8.880
5.311 9.462 0.426 9.177
10.655 13.449 1.515 5.675
12.755 6.736 13.828 16.539
9.870 5.122 15.513 9.470
1.991 15.086 22.459 10.838
16.200 17.324 1.493 6.381
9.897 8.099 1.817 3.580
18.819 6.450 12.967 7.894
0.998 4.202 3.092 1.446
11.439 7.721 2.967 1.460
9.450 11.731 11.957 10.175
3.906 3.416 0.102 19.536
8.539 9.539 1.783 3.040
1.614 1.498 2.642 5.883
4.177 9.802 21.765 8.479
17.769 8.125 14.936 2.283
9.310 10.120 9.995 4.091
11.154 10.158 2.690 7.384
5.682 6.228 6.170 9.913
22.321 10.991 4.674 19.854
6.731 0.050 15.666 15.308
18.299 2.129 19.142 25.547
1.325 14.162 4.716 17.626
11.781 0.702 10.302 2.666
3.206 3.737 5.209 4.114
0.247 6.459 0.400 30.908
9.888 10.074 2.229 6.369
9.264 4.450 15.679 15.852
9.171 3.189 8.330 1.377
6.502 8.693 1.880 15.590
8.335 3.510 2.193 1.341
1.465 11.986 6.314 3.514
7.302 6.549 1.314 4.178
14.896 8.758 12.219 16.575
12.635 25.724 1.233 8.412
2.831 14.046 0.613 18.086
0.283 4.642 0.866 8.943
13.024 8.389 1.218 12.881
15.023 3.210 9.585 22.521
1.737 18.574 8.004 15.404
0.615 1.511 1.901 11.925
3.307 21.985 0.613 14.551
0.533 0.545 3.929 10.303
12.727 12.892 1.316 1.258
20.881 6.695 1.403 18.482
1.311 10.295 6.278 21.515
1.481 14.256 8.014 1.431
4.383 9.913 3.485 3.809
3.925 6.904 2.067 22.536
13.552 1.462 9.757 10.789
1.931 7.450 4.074 4.000
5.507 11.666 0.625 0.874
25.554 5.551 9.055 11.449
0.675 24.958 17.081 4.823
9.741 3.012 1.333 5.638
4.621 15.471 15.900 12.427
4.553 7.241 6.109 11.922
5.127 15.638 4.884 6.649
12.885 11.514 7.070 7.574
4.244 8.001 21.073 19.432
3.641 1.588 0.612 3.573
4.038 7.436 5.747 13.434
1.889 4.722 1.260 2.883
14.152 22.354 9.658 0.979
11.292 4.029 8.224 10.114
6.226 19.524 1.875 8.802
6.097 8.602 17.274 10.732
3.287 1.352 5.240 9.295
1.434 1.479 1.704 0.739
7.012 20.065 2.913 4.663
9.790 1.503 5.049 4.863
9.141 2.208 9.070 13.318
12.058 5.131 5.278 15.586
2.440 9.349 5.832 1.433
1.542 3.396 2.161 3.291
6.345 13.358 12.528 4.895
0.188 9.163 24.941 10.377
17.228 10.484 11.989 7.903
12.600 4.500 12.187 5.621
2.573 1.389 10.487 10.044
3.344 6.378 12.026 21.346
10.479 10.723 7.095 10.254
1.059 16.116 2.093 7.008
12.555 2.293 8.460 4.967
12.306 12.258 15.325 2.081
0.890 5.366 11.200 0.739
6.420 2.614 3.500 4.541
9.565 3.116 3.414 6.426
17.090 20.612 14.996 5.226
9.753 5.891 15.391 1.905
20.316 11.580 13.792 0.219
2.541 1.070 5.593 5.085
6.840 1.046 19.884 17.888
3.658 24.421 5.280 3.953
11.816 7.577 19.662 1.853
1.270 11.517 12.218 11.425
3.669 3.983 0.720 1.612
