20
0.00 1.02 1.35 1.44 0.74 0.64 1.15 0.49 0.90 1.13 1.41 0.59 1.49 0.75 0.24 1.68 1.25 1.08 0.33 1.06
1.02 0.00 0.39 1.04 1.11 1.16 1.38 1.29 1.46 0.76 1.12 1.10 0.86 0.76 1.13 0.68 1.11 0.68 0.71 1.24
1.35 0.39 0.00 0.84 0.79 1.15 1.40 1.09 1.54 0.86 0.58 1.66 0.30 1.06 1.29 0.89 1.37 0.39 1.46 1.31
1.44 1.04 0.84 0.00 1.03 1.66 0.99 1.47 0.72 0.69 1.17 1.35 0.47 1.06 1.71 0.86 0.85 0.88 1.55 1.31
0.74 1.11 0.79 1.03 0.00 0.86 1.50 0.44 1.40 1.52 0.75 1.45 0.95 0.90 0.73 1.30 0.93 0.77 1.03 1.74
0.64 1.16 1.15 1.66 0.86 0.00 1.30 0.40 0.93 0.84 1.07 0.64 1.14 1.05 0.69 1.55 1.17 0.75 0.86 0.71
1.15 1.38 1.40 0.99 1.50 1.30 0.00 1.59 0.59 1.12 1.02 0.94 1.32 1.10 1.11 0.77 0.82 1.13 1.04 0.43
0.49 1.29 1.09 1.47 0.44 0.40 1.59 0.00 1.25 1.28 0.77 0.87 1.06 0.94 0.31 1.60 1.32 1.15 0.85 1.21
0.90 1.46 1.54 0.72 1.40 0.93 0.59 1.25 0.00 0.41 1.63 0.71 1.23 1.55 1.28 1.29 1.05 1.14 1.10 0.49
1.13 0.76 0.86 0.69 1.52 0.84 1.12 1.28 0.41 0.00 1.50 0.86 0.70 1.39 1.55 1.21 1.36 0.72 1.25 0.57
1.41 1.12 0.58 1.17 0.75 1.07 1.02 0.77 1.63 1.50 0.00 1.60 0.68 0.86 0.91 0.83 1.26 0.89 1.37 1.01
0.59 1.10 1.66 1.35 1.45 0.64 0.94 0.87 0.71 0.86 1.60 0.00 1.41 0.81 0.65 1.10 0.70 1.47 0.48 0.74
1.49 0.86 0.30 0.47 0.95 1.14 1.32 1.06 1.23 0.70 0.68 1.41 0.00 0.96 1.50 1.08 1.22 0.49 1.82 1.22
0.75 0.76 1.06 1.06 0.90 1.05 1.10 0.94 1.55 1.39 0.86 0.81 0.96 0.00 0.77 1.04 0.79 0.85 0.65 1.27
0.24 1.13 1.29 1.71 0.73 0.69 1.11 0.31 1.28 1.55 0.91 0.65 1.50 0.77 0.00 1.36 1.20 1.40 0.38 1.06
1.68 0.68 0.89 0.86 1.30 1.55 0.77 1.60 1.29 1.21 0.83 1.10 1.08 1.04 1.36 0.00 0.46 1.33 0.99 1.11
1.25 1.11 1.37 0.85 0.93 1.17 0.82 1.32 1.05 1.36 1.26 0.70 1.22 0.79 1.20 0.46 0.00 1.23 0.89 1.38
1.08 0.68 0.39 0.88 0.77 0.75 1.13 1.15 1.14 0.72 0.89 1.47 0.49 0.85 1.40 1.33 1.23 0.00 1.38 1.05
0.33 0.71 1.46 1.55 1.03 0.86 1.04 0.85 1.10 1.25 1.37 0.48 1.82 0.65 0.38 0.99 0.89 1.38 0.00 1.01
1.06 1.24 1.31 1.31 1.74 0.71 0.43 1.21 0.49 0.57 1.01 0.74 1.22 1.27 1.06 1.11 1.38 1.05 1.01 0.00
